001,043,051,041,1,1,15,CPSC_103
002,056,066,058,1,15,40,CPSC_110
003,078,084,078,1,40,999,CPSC_210
004,044,055,055,2,1,15,COMM_201
005,059,073,073,2,15,40,COMM_202
006,070,089,079,2,40,999,COMM_203
007,045,048,054,3,1,15,ENGL_110
008,065,065,075,3,15,40,ENGL_112
009,070,075,085,3,50,999,ENGL_210
010,039,058,034,1,1,15,BACH_RACKET
011,052,083,046,1,15,35,DR_RACKET
012,069,107,064,1,35,999,PROF_RACKET
013,040,050,040,2,1,17,Trade_War
014,065,065,065,2,17,38,Win_Win
015,090,095,095,2,38,999,Make_America_Great_Again
016,060,040,034,3,1,13,1000words_ESSAY
017,083,059,043,3,13,25,2000words_ESSAY
018,107,073,063,3,25,999,3000words_ESSAY
019,040,020,030,3,1,20,Shakespeare
020,055,035,050,3,20,30,Shaaakeeespeaaaareeee
021,035,060,044,3,30,40,Lit_review_about_Shakespeare
022,069,095,060,3,40,999,Shakespeare_writing_Lit_review_about_Shakespeare
023,069,030,054,3,1,30,MR.LuXun
024,100,040,090,3,30,999,ShuRen_Zhou
025,050,035,035,4,1,15,DErEK_Human_Form
026,090,055,055,3,15,999,DErEK_Struggleing_ENG_Form
027,070,070,060,2,15,999,DErEK_Studying_Business_Form
028,070,030,055,1,1,34,Fail_For_CPSC
029,100,060,070,1,34,999,Pass_CPSC
030,040,045,035,1,1,40,360_FireWall
031,075,080,070,1,40,999,720_FireWall
032,050,065,055,1,1,30,C--
033,065,070,060,1,30,999,C++
034,040,080,035,1,1,25,Online_Shopping
035,065,105,060,1,25,999,Online_Sleeping
036,035,070,055,2,1,30,Donal_TRP
037,060,095,080,2,30,999,MCDONAL_TRP
038,040,040,075,2,1,40,European_Union
039,050,050,095,2,40,999,UK_AND_European_Union
040,060,055,040,4,1,29,STAT_200
041,080,090,070,4,29,999,STAT_251
042,091,134,095,1,1,999,Nightmare_of_Science
043,106,110,090,4,1,999,ManMake_Nightmare_of_Science